 72 137  92  36  32  85  86  87   65  84  65  85  65  86  65  87
 72 141 108  36 240  72 129 236   16   1   0   0  72 139   5  37
 96   6   0  72  51 196  72 137   69   8  72 139  69 112  76 139
233  76 139 101 120  51 201  76  139 181 128   0   0   0  73 139
248  76 139 189 136   0   0   0   72 139 242  72 137  68  36  80
 51 192 246  66  44   1  76 137   68  36 112  72 137  84  36  96
 76 137 101 152  72 137  76  36   88  72 137  77 168  72 137  77
176  72 137  69 184  72 137  69  192  72 137  69 200  72 137  76
 36 120  15 133 214 220   1   0   65 139  85  16  68 141  65   6
 73 139  77  24  76 141  76  36   88 232  18  94 255 255 139 216
133 192  15 133 147 225   1   0   77 133 255  15 133 183 220   1
  0  72 139 124  36  88  69  51  210 139  71   4  65 137   6  72
139  78  64  68 139  79   4  72  133 201  15 132 156 227   1   0
 68  15 183  65   4  65 139 210   69 133 192  15 132 139 227   1
  0  72 141  65  72  68  57   8  116  16 255 194  72 131 192  56
 65  59 208 114 240 233 114 227    1   0 139 194  72 141 113  64
 72 107 208  56  72   3 242  15  132  90 227   1   0  72 139  95
 24  72 141  85 144  65 139 201   76 137  85 144  76 141 119  16
 76 137  85 160 255  21  62 147    5   0 133 192  15 136 116 221
  1   0  76 139  85 144 139  86   16  65  57  82  12  15 133  99
221   1   0  68 139  71  16  69  133 192  15 132  86 221   1   0
 72 131 127  24   0  15 132  75  221   1   0 139  79   4 141  65
255 131 248   2  15 134  14 223    1   0 129 249 124 255 255 255
 15 132   2 223   1   0  72 139   78  24  76 141  77 160  73 139
 66  40  65 184   1   0   0   0  255  21  90 150   5   0 133 192
 15 136  16 221   1   0  72 139   69 144  76 139 203  68 139  71
 16  72 139  87  24  72 139  77  160  72 139  64  56  76 137 116
 36  32 255  21  48 150   5   0   72 139  77 144 139 248  72 139
 65  64  72 141  77 160 255  21   28 150   5   0 133 255  15 136
210 220   1   0  72 141  61 165   92   6   0  72 139  76  36  88
 76 141  77 168  65 184   9   0    0   0 139  81  16  72 139  73
 24 232 186  92 255 255 139 216  133 192  15 133 140 222   1   0
 77 133 255  15 133 189 222   1    0  72 139  85 168  69  51 192
246   2 128  15 132  93 223   1    0 139  90  16  69  51 201  68
137  77 240  65 139 201 198  69  242   1 139 125 240  76 137  77
232  72  43  74   2 117  21 139   66  10 139 207  72  43 200 117
 11  15 183  66  14  65  15 183  201  72  43 200  72 133 201  15
132  41 223   1   0 199  69 232  178   7   1   1  72 139  69 232
 72  43  66   2 117  22 139  74   10  72 139 199  72  43 193 117
 11  15 183  74  14  65  15 183  193  72  43 193  72 133 192  15
132   2 223   1   0  15 183  66    2  72 141  77 248 102 137  69
248  15 182  66   4 102 137  69  250  15 182  66   5 102 137  69
252  15 182  66   6 102 137  69  254  15 182  66   7 102 137  69
  0  15 182  66   8 102 137  69    2  15 183  66  10  72 141  85
128 102 137  69   4 102  68 137   69   6 255  21 128 148   5   0
141   4 155   3 192  72 152  72    1  69 128  72 141  77 208 255
 21 115 144   5   0  72 139  13   44 105   6   0  72 139  69 208
 72 139  85 128  72 141  60   1   72  59 250  15 140 143 222   1
  0  72  43 193  72  59 194  15  143 131 222   1   0  76 139 116
 36 120  76 139 124  36  80  72  139 116  36  96  51 201 139 217
 77 133 246  15 133   2 226   1    0 131 251  24  15 132  90 226
  1   0 131 251  14  15 132  66  226   1   0  72 139 125 200  72
133 255  15 133  83 226   1   0   72 139 124  36  88  76 141  53
124 166   5   0  76 141  61  85  107   5   0  76 141  37  14 112
  5   0  76 141  45 167 109   5    0  72 133 255 116  92 131  61
 19 111   6   0   0  72 137  76   36 120  15 132  66 226   1   0
 72 139   5  41 141   6   0  72  137  76  36  32  72 141  84  36
120  72 139 200  69  51 201  69   51 192 255  21  24 139   5   0
133 192  15 133 106 226   1   0   72 139  76  36 120  68 141  64
  6  72 139 215 255  21 246 138    5   0  72 139  76  36 120  72
133 201 116   6 255  21 214 138    5   0  72 139 125 168  72 133
255 116  93  51 246  57  53 173  110   6   0  72 137 116  36  80
 15 132 107 226   1   0  72 139    5 195 140   6   0  69  51 201
 72 137 116  36  32  69  51 192   72 141  84  36  80  72 139 200
255  21 178 138   5   0 133 192   15 133 145 226   1   0  72 139
 76  36  80  68 141  64   9  72  139 215 255  21 144 138   5   0
 72 139  76  36  80  72 133 201  116   6 255  21 112 138   5   0
139 195  72 139  77   8  72  51  204 232  18 215   0   0  72 139
156  36 104   1   0   0  72 129  196  16   1   0   0  65  95  65
 94  65  93  65  92  95  94  93  195 512