 72 137  92  36  32  85  86  87   65  84  65  85  65  86  65  87
 72 141 108  36 249  72 129 236  192   0   0   0  72 139   5 117
 28   6   0  72  51 196  72 137   69 255  72 139  69 111  76 139
101 127  76 139 125 119  76 139  234  76 139 241  72 139  77 103
 72 137  85 151  51 210  72 137   69 167  51 192  65 246  69  44
  1  77 139 200  76 137  68  36   48  72 137  77 135  76 137 101
239  72 137  69 215  72 137  69  223  72 137  85 143  72 137  85
191 137  85 207  72 137  84  36   56 141 122  14  15 133  46  48
  2   0  65 139 118  16  73 139  126  24  72 137  85 199 133 246
 15 132 250  56   2   0  72 133  255  15 132 241  56   2   0  57
  5  43  50   6   0 141  90  60   15 132  18  48   2   0  72 139
 13 187  78   6   0  72 137  84   36  32  72 141  85 199  69  51
201  69  51 192 255  21 134 174    6   0 133 192  15 133   4  48
  2   0  51 219 133 219  15 133   20  48   2   0  72 139  77 199
 68 141  75   8  68 141  67   6   72 141  85 143 137 116  36  40
 72 199  69 143   0   0   0   0   72 137 124  36  32 255  21  61
174   6   0 133 192  15 136   0   48   2   0  51 246  72 139  77
199  72 133 201 116   6 255  21  244 173   6   0 133 219  15 133
 23   4   0   0  77 133 228  15  133  39  48   2   0  72 139  77
143  69  51 192 139  65   4  65  137   7 139  89   4  73 139  77
 64 139 211 232  24   4   0   0   76 139 232  72 133 192  15 132
 33  51   2   0  72 139 125 143   72 141  85 175 139 203  76 139
127  24  72 137 117 175  72 137  117 159  76 141 103  16 255  21
 68 180   6   0 133 192  15 136  182   3   0   0  72 139  93 175
 65 139 117   8  57 115  12  15  133 163   3   0   0 139  87  16
133 210  15 132 152   3   0   0   72 131 127  24   0  15 132 141
  3   0   0 139  79   4 141  65  255 131 248   2  15 134 128  51
  2   0 129 249 124 255 255 255   15 132 116  51   2   0  72 139
 91  40  72 139 203 255  21 237  183   6   0  73 139  77  16  76
141  77 159  65 184   1   0   0    0 139 214 255 211 133 192  15
136  75   3   0   0  72 139  69  175  72 139  88  56  72 139 203
255  21 194 183   6   0  68 139   71  16  72 139  87  24  72 139
 77 159  77 139 207  76 137 100   36  32 255 211  72 139  77 175
 72 139  89  64 139 248  72 139  203 255  21 153 183   6   0  72
141  77 159 255 211 133 255  15  136   3   3   0   0  76 139 101
239  76 141  61 112  26   6   0   72 139 125 143  69  51 246 139
119  16  72 139 127  24  76 137  117 167 133 246  15 132 216  52
  2   0  72 133 255  15 132 207   52   2   0  68  57  53 110  48
  6   0  65 141  94  60  15 132  216  50   2   0  72 139  13 253
 76   6   0  72 141  85 167  69   51 201  69  51 192  76 137 116
 36  32 255  21 200 172   6   0  133 192  15 133 201  50   2   0
 65 139 222 133 219  15 133 216   50   2   0  72 139  77 167  68
141  75   8  68 141  67   9  72  141  85 191 137 116  36  40  76
137 117 191  72 137 124  36  32  255  21 130 172   6   0 133 192
 15 136 199  50   2   0  72 139   77 167  72 133 201 116   6 255
 21  59 172   6   0 133 219  15  133  99  52   2   0  77 133 228
 15 133 236  50   2   0  72 139  125 191 246   7 128  15 132  35
  2   0   0 139  95  16  72 139   77 191  69  51 201  68 137  77
247  65 139 209 198  69 249   1   68 139  69 247  76 137  77 239
 72  43  81   2 117  22 139  65   10  65 139 208  72  43 208 117
 11  15 183  65  14  65  15 183  209  72  43 208  72 133 210  15
132 233   1   0   0 199  69 239  178   7   1   1  72 139  85 239
 72  43  81   2 117  22 139  65   10  73 139 208  72  43 208 117
 11  15 183  65  14  65  15 183  209  72  43 208  72 133 210  15
132 194   1   0   0  15 183  65    2  72 141  85 183 102  68 137
117 253 102 137  69 239  15 182   65   4 102 137  69 241  15 182
 65   5 102 137  69 243  15 182   65   6 102 137  69 245  15 182
 65   7 102 137  69 247  15 182   65   8 102 137  69 249  15 183
 65  10  72 141  77 239 102 137   69 251 255  21  32 180   6   0
141   4 155   3 192  72 152  72    1  69 183  72 141  77 231 255
 21 219 176   6   0  72 139  13  116  43   6   0  72 139  69 231
 72 139  85 183  76 141   4   1   76  59 194  15 140 179  50   2
  0  72  43 193  72  59 194  15  143 167  50   2   0  72 139  77
135  73 139 246  76 139 109 151   76 139  76  36  48  65 139 222
191  14   0   0   0  72 133 246   15 133 179  53   2   0 131 251
 24  15 132 220  53   2   0 131  251  14  15 132 211  53   2   0
 72 139  77 223  72 133 201  15  133  24   1   0   0  72 139 125
143  72 133 255 116  85 131  61  147  46   6   0   0  76 137 117
159  15 132 197  53   2   0  72  139  13  34  75   6   0  72 141
 85 159  69  51 201  69  51 192   76 137 116  36  32 255  21 237
170   6   0 133 192  15 133 182   53   2   0  72 139  77 159  68
141  64   6  72 139 215 255  21  204 170   6   0  72 139  77 159
 72 133 201 116   6 255  21 133  170   6   0  72 139 125 191  72
133 255 116  89 131  61  53  46    6   0   0  76 137 116  36  56
 15 132 149  53   2   0  72 139   13 195  74   6   0  72 141  84
 36  56  69  51 201  69  51 192   76 137 116  36  32 255  21 141
170   6   0 133 192  15 133 133   53   2   0  72 139  76  36  56
 68 141  64   9  72 139 215 255   21 107 170   6   0  72 139  76
 36  56  72 133 201 116   6 255   21  35 170   6   0 139 195  72
139  77 255  72  51 204 232 165  240   0   0  72 139 156  36  24
  1   0   0  72 129 196 192   0    0   0  65  95  65  94  65  93
 65  92  95  94  93 195  65 139  222 233 216 253 255 255  76 137
117 183 233 148 254 255 255  76  137 117 183 233 139 254 255 255
 51 246  76 139 101 239 233  82   45   2   0  76 139  76  36  48
233 102  52   2   0 232 118  71    0   0 233 222 254 255 255  512